1000
0 55 55
40 29 19
44 52 32
75 55 81
56 1 93
83 89 31
29 36 86
9 67 98
12 83 57
23 34 79
97 69 86
83 77 98
73 43 35
100 84 72
93 92 92
82 42 37
11 30 40
84 32 46
77 18 99
15 81 30
79 12 10
95 53 33
8 31 78
19 8 1
86 54 55
16 96 54
34 16 89
76 58 19
61 71 58
100 26 16
60 57 42
49 47 74
39 62 100
48 62 3
42 67 14
85 9 98
68 76 65
31 3 8
61 63 52
0 44 99
47 88 38
31 37 19
98 23 27
86 15 32
81 79 13
34 5 87
58 58 81
31 11 98
100 31 47
19 90 69
5 36 8
53 76 77
80 74 70
8 88 1
82 77 39
61 9 64
77 88 1
81 88 84
56 65 95
13 78 5
78 31 43
94 53 82
91 83 54
78 71 68
54 69 77
67 94 53
23 68 11
23 70 19
25 68 86
100 17 30
2 57 53
83 25 47
88 93 40
68 88 23
7 55 65
94 20 21
25 54 15
100 91 95
82 55 91
5 97 10
20 18 1
34 66 96
43 82 18
22 28 37
42 93 80
67 45 84
56 35 42
46 100 56
84 1 80
85 85 71
65 69 32
41 62 75
52 44 12
75 31 59
30 5 55
95 92 84
22 54 16
90 70 34
96 67 6
8 87 8
16 81 80
89 80 24
85 33 65
84 98 25
13 63 44
10 37 85
24 66 29
36 12 28
37 43 86
84 90 1
62 90 75
23 7 57
57 10 21
100 91 18
42 65 78
71 83 38
38 73 58
76 9 32
32 67 10
29 23 13
100 91 42
29 71 99
19 57 99
97 70 4
1 23 57
34 78 66
40 29 7
50 82 26
45 94 28
6 26 84
15 87 67
82 28 71
43 47 33
97 76 47
65 77 35
0 57 27
80 78 67
67 43 20
20 60 75
51 65 58
66 16 67
38 31 43
29 72 80
46 83 61
34 74 94
50 96 59
45 12 15
76 45 72
35 35 60
67 88 33
56 48 75
86 22 44
64 16 62
55 94 27
73 81 29
70 87 37
89 21 73
36 60 91
45 39 23
44 95 98
32 46 61
69 18 21
99 99 99
68 45 5
64 96 55
97 48 53
74 29 63
41 48 10
88 55 34
49 18 95
43 99 74
11 99 92
62 18 5
29 37 5
63 53 74
50 22 86
15 40 98
83 83 38
89 74 71
19 38 41
21 1 14
15 29 66
16 5 23
7 29 86
97 40 88
53 92 12
25 60 20
90 58 66
91 63 85
28 44 77
95 59 36
60 2 68
41 35 64
67 95 83
58 99 46
51 52 94
98 41 60
13 68 39
99 60 89
89 41 20
76 47 70
28 1 34
21 63 84
44 71 96
32 68 96
60 68 69
16 66 92
57 75 18
35 64 17
91 54 60
53 52 65
47 92 81
35 22 38
38 91 22
83 62 4
15 12 1
100 64 45
21 84 62
59 22 76
15 72 4
1 87 21
93 91 57
69 25 52
50 78 61
45 3 87
25 43 87
26 26 94
100 66 13
95 85 81
97 44 64
1 13 64
90 77 46
53 22 1
37 73 10
87 20 40
34 85 73
69 39 59
51 36 99
89 84 47
70 16 5
58 91 89
56 92 59
60 100 78
71 8 8
97 16 13
1 45 6
45 83 96
97 88 98
97 7 12
38 96 19
52 79 95
67 3 26
42 33 100
7 52 33
28 9 52
17 75 28
59 19 85
38 18 100
30 83 16
1 74 53
39 42 75
4 87 25
98 4 46
71 28 11
95 33 26
16 46 80
47 27 8
30 5 25
100 60 84
62 57 13
67 56 15
1 22 6
36 98 27
40 87 59
82 45 77
68 55 29
96 33 27
0 20 21
20 46 23
81 38 43
83 27 46
59 8 29
79 37 2
70 100 38
66 22 24
67 77 35
2 93 86
98 28 93
35 8 16
17 55 29
87 22 56
18 22 25
2 9 3
75 33 74
66 90 100
48 100 27
5 77 17
58 86 97
91 9 77
17 8 18
13 62 100
61 55 7
4 38 5
94 54 91
52 71 98
52 23 15
82 47 30
36 98 30
21 88 44
34 78 21
48 38 28
90 24 63
80 70 89
100 39 9
85 12 5
26 91 40
31 15 100
46 71 15
50 95 41
46 13 67
55 71 19
51 34 61
86 67 92
71 87 7
59 43 87
77 89 75
84 69 3
38 20 36
3 31 48
2 98 62
70 70 72
20 46 39
79 4 33
73 93 3
13 47 81
85 68 41
99 77 4
78 21 43
38 18 74
0 30 70
32 14 83
70 15 34
15 14 85
14 12 58
98 80 87
38 13 25
63 47 47
10 9 17
71 35 27
43 89 76
3 8 88
65 83 43
3 75 98
77 41 62
77 97 48
41 31 52
34 92 69
57 41 42
38 68 94
77 75 10
30 29 57
52 27 3
36 61 83
12 100 82
98 85 64
0 53 42
42 4 54
88 98 54
5 4 81
36 93 63
57 75 37
21 60 67
85 16 71
85 55 91
20 14 88
16 66 96
28 13 37
7 55 85
47 32 85
23 100 5
65 46 89
25 69 7
82 79 96
16 20 69
35 55 63
59 82 94
39 68 89
53 48 96
7 62 58
11 45 87
6 36 66
27 23 13
75 63 74
23 3 100
14 33 90
98 42 24
8 7 32
2 20 12
46 13 25
24 64 84
64 81 11
100 27 67
53 48 15
94 73 33
11 73 54
62 67 78
32 94 82
4 62 87
99 41 62
11 10 80
58 18 38
76 27 10
87 37 94
99 92 60
9 76 39
42 8 52
87 63 16
90 69 60
17 78 67
68 6 13
89 37 94
46 38 10
94 29 22
85 73 70
1 87 71
10 32 14
19 71 93
79 20 6
63 74 95
4 17 11
88 17 98
38 4 40
1 54 73
42 35 78
99 95 91
1 52 5
35 57 4
44 52 32
4 92 13
11 97 8
25 24 95
53 90 67
74 27 60
7 21 17
99 10 38
22 42 25
59 83 100
13 64 42
45 19 56
97 24 78
33 24 78
28 58 46
16 79 40
6 53 79
57 26 71
78 22 46
31 90 6
7 13 96
93 85 66
3 22 39
80 65 25
31 43 35
99 58 92
97 10 91
53 86 23
28 62 38
69 44 38
21 17 22
16 12 2
12 88 91
73 7 6
16 43 68
90 76 61
100 54 94
100 35 40
10 55 4
40 67 34
91 24 30
83 41 63
87 21 91
0 33 60
0 34 29
72 9 77
50 42 68
99 70 86
30 41 28
6 57 10
93 37 34
58 36 22
43 72 63
31 20 6
76 87 22
45 61 96
16 15 64
5 42 25
23 7 39
70 44 46
2 21 41
61 88 67
10 28 72
54 93 10
49 32 95
7 52 70
79 6 20
100 90 10
98 87 25
44 19 7
13 55 55
79 46 84
66 96 69
99 35 58
48 77 79
4 64 60
59 75 48
83 39 80
56 82 23
49 37 81
100 18 7
29 90 66
79 29 41
4 95 82
51 32 31
49 43 41
6 90 18
33 69 55
56 80 4
62 17 11
46 74 16
34 14 7
8 3 76
2 86 38
2 47 93
33 55 85
79 7 62
1 12 64
10 5 43
59 72 79
97 61 94
8 34 45
94 75 65
53 80 34
44 27 57
64 15 25
20 73 83
4 78 15
97 96 54
41 58 27
62 24 38
100 68 14
17 31 57
86 92 88
2 36 39
3 98 22
48 52 2
18 82 44
72 73 82
22 95 30
18 28 91
0 39 48
38 42 11
57 27 68
26 54 1
8 20 80
0 92 67
3 82 67
47 71 80
90 69 64
55 71 46
7 72 10
60 34 72
19 23 85
6 97 77
67 89 59
30 44 90
2 67 55
72 69 8
16 48 34
37 21 1
28 46 55
37 33 18
87 28 17
41 20 71
12 25 45
93 21 57
51 72 5
50 69 97
52 10 20
18 13 17
52 56 84
7 68 97
2 76 15
97 37 34
50 36 93
48 16 37
67 68 52
74 24 4
56 43 8
27 97 67
10 34 81
70 91 100
52 69 42
44 7 12
34 59 57
86 25 64
14 10 10
18 75 8
82 93 96
84 93 54
28 95 98
82 56 91
99 70 27
80 22 42
81 53 85
18 89 10
51 57 31
51 46 69
10 33 21
3 66 73
68 82 88
32 98 7
13 9 61
38 8 35
95 82 27
30 64 33
84 70 75
77 21 90
83 88 33
76 21 60
45 24 72
14 63 94
92 55 47
48 46 58
82 97 70
77 76 20
52 33 14
19 78 93
28 53 36
54 6 54
44 62 13
13 82 4
25 65 34
43 54 4
67 14 93
73 91 41
39 62 19
6 45 79
56 56 52
5 95 26
21 66 14
54 72 3
24 29 11
20 94 40
32 60 75
13 28 46
57 58 89
0 71 40
95 52 21
78 28 94
69 91 72
51 82 15
28 81 52
27 86 68
57 48 78
94 7 87
63 39 40
37 56 98
68 85 59
72 82 11
82 47 46
51 7 31
93 73 87
98 83 39
17 73 94
40 31 94
98 85 38
76 78 55
9 77 77
35 43 32
73 94 45
9 10 84
28 100 1
20 28 98
21 52 78
80 33 25
47 66 68
74 35 91
90 48 65
14 84 31
31 40 41
90 22 23
13 9 38
62 48 83
55 36 81
7 56 41
28 89 30
59 78 24
68 31 60
37 33 85
54 86 32
0 27 62
72 96 80
89 86 90
90 78 19
11 69 57
57 59 38
72 84 72
79 94 60
17 79 13
19 32 69
59 30 79
48 39 20
83 77 15
61 18 70
20 56 69
20 71 63
7 54 41
13 35 36
85 85 34
21 89 97
42 12 84
86 98 75
18 95 60
26 2 42
71 81 41
90 14 81
5 34 58
15 73 20
34 92 25
73 94 6
93 26 48
19 87 86
70 88 73
38 4 1
84 38 75
22 21 46
79 26 26
49 86 5
8 59 6
31 10 68
91 96 80
83 53 23
1 95 53
55 65 61
53 97 9
72 40 83
75 53 41
27 39 58
2 48 25
76 77 73
37 92 57
67 45 63
10 72 100
34 10 100
13 42 34
66 75 25
70 67 75
23 5 33
30 15 68
88 58 41
56 6 32
84 48 1
52 96 17
100 37 76
46 13 17
30 25 5
12 7 78
13 66 1
32 47 87
44 88 41
12 24 3
98 6 75
81 3 94
21 94 36
45 4 63
73 100 14
70 72 24
96 2 72
13 94 70
26 4 85
38 100 15
10 86 69
85 84 21
34 15 71
40 79 88
82 65 54
37 62 67
28 43 83
55 99 81
36 69 53
0 10 42
79 74 13
67 83 21
79 69 11
17 52 13
16 97 9
35 68 35
75 30 25
54 8 62
98 13 29
35 62 33
91 48 60
59 60 85
8 78 93
24 84 57
80 5 56
58 16 65
87 12 14
88 98 52
100 23 20
19 80 12
91 59 33
99 3 95
11 92 53
23 89 93
17 26 74
23 36 86
72 68 30
84 71 12
79 88 11
15 48 19
91 77 63
46 60 87
54 53 91
36 65 62
61 12 61
20 46 63
96 31 25
87 47 83
20 2 14
68 23 92
82 94 57
60 24 94
17 37 79
93 94 28
56 83 72
63 4 15
42 93 63
9 72 95
11 72 92
57 38 52
22 41 17
8 64 34
87 93 35
96 55 72
95 20 58
86 33 83
85 73 67
87 5 14
93 79 38
84 90 42
29 21 13
17 69 21
5 85 97
50 22 39
39 12 84
4 80 61
72 15 93
4 57 29
44 65 58
45 62 57
35 97 48
53 77 48
30 65 81
100 89 96
35 9 73
74 86 76
29 75 87
0 32 79
29 11 42
100 1 1
92 100 81
22 15 99
33 35 34
65 81 74
38 86 11
30 86 56
91 2 12
1 28 70
92 38 94
65 18 82
63 90 6
31 8 81
9 78 90
37 54 52
78 3 72
52 27 39
77 91 2
84 30 23
65 77 89
95 44 79
98 31 67
57 28 81
39 39 55
91 2 11
12 72 83
96 95 29
58 85 42
34 44 71
52 58 41
12 55 55
41 87 80
34 21 80
66 98 21
75 69 6
57 61 15
83 81 21
71 75 75
19 15 33
79 31 94
61 53 3
87 37 39
61 11 30
72 45 65
57 76 70
28 96 15
6 54 76
61 6 25
99 92 73
39 72 57
77 46 25
69 77 100
65 42 19
82 35 76
84 58 56
100 47 93
67 1 56
47 68 48
26 57 61
1 42 57
0 15 62
24 60 67
66 25 14
30 17 52
100 98 41
93 5 46
52 37 89
9 70 2
79 13 6
4 90 64
79 48 79
67 53 15
53 70 66
67 54 42
18 18 95
14 98 61
67 12 75
88 76 98
86 89 75
46 25 23
14 72 37
14 58 26
55 48 15
47 66 45
36 87 6
67 48 15
13 98 74
85 86 56
99 8 69
15 70 53
97 40 45
21 57 20
56 57 34
8 44 91
47 2 34
34 99 40
100 9 27
31 57 62
62 59 95
86 14 22
100 70 91
83 15 78
38 10 22
10 34 82
100 84 31
3 89 85
14 19 22
6 12 13
92 10 71
10 19 4
100 76 79
20 98 70
77 75 53
54 13 86
67 19 16
77 65 16
22 20 89
79 100 64
69 62 92
99 8 47
35 16 42
100 97 2
73 5 80
77 23 24
18 56 55
30 60 84
74 3 72
19 53 6
90 63 36
83 98 82
42 63 85
